# Saha solution with Stewart-Pyat α=1 IPD
   n[1/cc]      T[K]         Zbar         x_0[eV]      x_1[eV]      x_2[eV]      χ_0[eV]      χ_1[eV]      χ_2[eV]      
   5.620e+20    8.881e+03    1.893e-04    9.998e-01    1.893e-04    2.235e-15    0.000e+00    1.569e+01    2.750e+01
   5.620e+20    9.553e+03    4.186e-04    9.996e-01    4.186e-04    3.336e-14    0.000e+00    1.566e+01    2.744e+01
   5.620e+20    1.028e+04    8.815e-04    9.991e-01    8.815e-04    4.199e-13    0.000e+00    1.562e+01    2.737e+01
   5.620e+20    1.105e+04    1.774e-03    9.982e-01    1.774e-03    4.511e-12    0.000e+00    1.558e+01    2.729e+01
   5.620e+20    1.189e+04    3.424e-03    9.966e-01    3.424e-03    4.182e-11    0.000e+00    1.552e+01    2.718e+01
   5.620e+20    1.279e+04    6.350e-03    9.936e-01    6.350e-03    3.377e-10    0.000e+00    1.545e+01    2.706e+01
   5.620e+20    1.376e+04    1.134e-02    9.887e-01    1.134e-02    2.396e-09    0.000e+00    1.537e+01    2.692e+01
   5.620e+20    1.480e+04    1.953e-02    9.805e-01    1.953e-02    1.505e-08    0.000e+00    1.527e+01    2.675e+01
   5.620e+20    1.592e+04    3.249e-02    9.675e-01    3.249e-02    8.422e-08    0.000e+00    1.517e+01    2.656e+01
   5.620e+20    1.712e+04    5.218e-02    9.478e-01    5.218e-02    4.225e-07    0.000e+00    1.505e+01    2.635e+01
   5.620e+20    1.842e+04    8.095e-02    9.191e-01    8.094e-02    1.909e-06    0.000e+00    1.492e+01    2.613e+01
   5.620e+20    1.982e+04    1.212e-01    8.788e-01    1.212e-01    7.799e-06    0.000e+00    1.478e+01    2.589e+01
   5.620e+20    2.132e+04    1.748e-01    8.252e-01    1.748e-01    2.891e-05    0.000e+00    1.464e+01    2.564e+01
   5.620e+20    2.293e+04    2.428e-01    7.573e-01    2.426e-01    9.754e-05    0.000e+00    1.449e+01    2.540e+01
   5.620e+20    2.466e+04    3.241e-01    6.762e-01    3.235e-01    3.003e-04    0.000e+00    1.436e+01    2.516e+01
   5.620e+20    2.653e+04    4.157e-01    5.852e-01    4.140e-01    8.466e-04    0.000e+00    1.423e+01    2.494e+01
   5.620e+20    2.854e+04    5.125e-01    4.896e-01    5.082e-01    2.193e-03    0.000e+00    1.412e+01    2.474e+01
   5.620e+20    3.070e+04    6.092e-01    3.960e-01    5.987e-01    5.244e-03    0.000e+00    1.403e+01    2.458e+01
   5.620e+20    3.302e+04    7.015e-01    3.101e-01    6.782e-01    1.163e-02    0.000e+00    1.395e+01    2.444e+01
   5.620e+20    3.552e+04    7.880e-01    2.360e-01    7.400e-01    2.399e-02    0.000e+00    1.388e+01    2.431e+01
   5.909e+20    8.881e+03    1.847e-04    9.998e-01    1.847e-04    2.130e-15    0.000e+00    1.569e+01    2.749e+01
   5.909e+20    9.553e+03    4.085e-04    9.996e-01    4.085e-04    3.182e-14    0.000e+00    1.566e+01    2.744e+01
   5.909e+20    1.028e+04    8.605e-04    9.991e-01    8.605e-04    4.007e-13    0.000e+00    1.562e+01    2.737e+01
   5.909e+20    1.105e+04    1.733e-03    9.983e-01    1.733e-03    4.309e-12    0.000e+00    1.558e+01    2.728e+01
   5.909e+20    1.189e+04    3.344e-03    9.967e-01    3.344e-03    3.997e-11    0.000e+00    1.552e+01    2.718e+01
   5.909e+20    1.279e+04    6.204e-03    9.938e-01    6.204e-03    3.231e-10    0.000e+00    1.545e+01    2.705e+01
   5.909e+20    1.376e+04    1.108e-02    9.889e-01    1.108e-02    2.294e-09    0.000e+00    1.536e+01    2.691e+01
   5.909e+20    1.480e+04    1.910e-02    9.809e-01    1.910e-02    1.443e-08    0.000e+00    1.527e+01    2.674e+01
   5.909e+20    1.592e+04    3.178e-02    9.682e-01    3.178e-02    8.083e-08    0.000e+00    1.516e+01    2.655e+01
   5.909e+20    1.712e+04    5.107e-02    9.489e-01    5.107e-02    4.060e-07    0.000e+00    1.504e+01    2.634e+01
   5.909e+20    1.842e+04    7.928e-02    9.207e-01    7.927e-02    1.836e-06    0.000e+00    1.491e+01    2.611e+01
   5.909e+20    1.982e+04    1.188e-01    8.812e-01    1.188e-01    7.511e-06    0.000e+00    1.477e+01    2.587e+01
   5.909e+20    2.132e+04    1.715e-01    8.285e-01    1.715e-01    2.787e-05    0.000e+00    1.462e+01    2.562e+01
   5.909e+20    2.293e+04    2.385e-01    7.616e-01    2.383e-01    9.413e-05    0.000e+00    1.448e+01    2.537e+01
   5.909e+20    2.466e+04    3.188e-01    6.815e-01    3.182e-01    2.901e-04    0.000e+00    1.434e+01    2.513e+01
   5.909e+20    2.653e+04    4.095e-01    5.913e-01    4.079e-01    8.186e-04    0.000e+00    1.421e+01    2.490e+01
   5.909e+20    2.854e+04    5.058e-01    4.963e-01    5.016e-01    2.123e-03    0.000e+00    1.409e+01    2.470e+01
   5.909e+20    3.070e+04    6.023e-01    4.028e-01    5.921e-01    5.079e-03    0.000e+00    1.400e+01    2.453e+01
   5.909e+20    3.302e+04    6.947e-01    3.166e-01    6.721e-01    1.127e-02    0.000e+00    1.392e+01    2.438e+01
   5.909e+20    3.552e+04    7.814e-01    2.418e-01    7.349e-01    2.326e-02    0.000e+00    1.385e+01    2.426e+01
   6.213e+20    8.881e+03    1.803e-04    9.998e-01    1.803e-04    2.031e-15    0.000e+00    1.569e+01    2.749e+01
   6.213e+20    9.553e+03    3.987e-04    9.996e-01    3.987e-04    3.034e-14    0.000e+00    1.566e+01    2.744e+01
   6.213e+20    1.028e+04    8.400e-04    9.992e-01    8.400e-04    3.824e-13    0.000e+00    1.562e+01    2.737e+01
   6.213e+20    1.105e+04    1.692e-03    9.983e-01    1.692e-03    4.115e-12    0.000e+00    1.557e+01    2.728e+01
   6.213e+20    1.189e+04    3.266e-03    9.967e-01    3.266e-03    3.821e-11    0.000e+00    1.551e+01    2.717e+01
   6.213e+20    1.279e+04    6.061e-03    9.939e-01    6.061e-03    3.091e-10    0.000e+00    1.544e+01    2.705e+01
   6.213e+20    1.376e+04    1.083e-02    9.892e-01    1.083e-02    2.198e-09    0.000e+00    1.536e+01    2.690e+01
   6.213e+20    1.480e+04    1.867e-02    9.813e-01    1.867e-02    1.383e-08    0.000e+00    1.526e+01    2.673e+01
   6.213e+20    1.592e+04    3.108e-02    9.689e-01    3.108e-02    7.759e-08    0.000e+00    1.515e+01    2.654e+01
   6.213e+20    1.712e+04    4.999e-02    9.500e-01    4.999e-02    3.901e-07    0.000e+00    1.503e+01    2.632e+01
   6.213e+20    1.842e+04    7.765e-02    9.224e-01    7.764e-02    1.767e-06    0.000e+00    1.490e+01    2.609e+01
   6.213e+20    1.982e+04    1.164e-01    8.836e-01    1.164e-01    7.234e-06    0.000e+00    1.475e+01    2.585e+01
   6.213e+20    2.132e+04    1.683e-01    8.317e-01    1.683e-01    2.688e-05    0.000e+00    1.461e+01    2.559e+01
   6.213e+20    2.293e+04    2.343e-01    7.658e-01    2.341e-01    9.087e-05    0.000e+00    1.446e+01    2.534e+01
   6.213e+20    2.466e+04    3.136e-01    6.867e-01    3.130e-01    2.804e-04    0.000e+00    1.432e+01    2.509e+01
   6.213e+20    2.653e+04    4.034e-01    5.974e-01    4.018e-01    7.918e-04    0.000e+00    1.419e+01    2.486e+01
   6.213e+20    2.854e+04    4.991e-01    5.029e-01    4.950e-01    2.055e-03    0.000e+00    1.407e+01    2.466e+01
   6.213e+20    3.070e+04    5.954e-01    4.095e-01    5.855e-01    4.920e-03    0.000e+00    1.397e+01    2.448e+01
   6.213e+20    3.302e+04    6.879e-01    3.231e-01    6.660e-01    1.092e-02    0.000e+00    1.389e+01    2.433e+01
   6.213e+20    3.552e+04    7.749e-01    2.477e-01    7.298e-01    2.256e-02    0.000e+00    1.381e+01    2.420e+01
   6.532e+20    8.881e+03    1.759e-04    9.998e-01    1.759e-04    1.935e-15    0.000e+00    1.569e+01    2.749e+01
   6.532e+20    9.553e+03    3.891e-04    9.996e-01    3.891e-04    2.894e-14    0.000e+00    1.566e+01    2.744e+01
   6.532e+20    1.028e+04    8.200e-04    9.992e-01    8.200e-04    3.650e-13    0.000e+00    1.562e+01    2.736e+01
   6.532e+20    1.105e+04    1.652e-03    9.983e-01    1.652e-03    3.931e-12    0.000e+00    1.557e+01    2.728e+01
   6.532e+20    1.189e+04    3.190e-03    9.968e-01    3.190e-03    3.653e-11    0.000e+00    1.551e+01    2.717e+01
   6.532e+20    1.279e+04    5.922e-03    9.941e-01    5.922e-03    2.958e-10    0.000e+00    1.544e+01    2.704e+01
   6.532e+20    1.376e+04    1.059e-02    9.894e-01    1.059e-02    2.105e-09    0.000e+00    1.535e+01    2.689e+01
   6.532e+20    1.480e+04    1.826e-02    9.817e-01    1.826e-02    1.326e-08    0.000e+00    1.526e+01    2.672e+01
   6.532e+20    1.592e+04    3.041e-02    9.696e-01    3.041e-02    7.448e-08    0.000e+00    1.514e+01    2.652e+01
   6.532e+20    1.712e+04    4.893e-02    9.511e-01    4.893e-02    3.749e-07    0.000e+00    1.502e+01    2.631e+01
   6.532e+20    1.842e+04    7.605e-02    9.240e-01    7.605e-02    1.700e-06    0.000e+00    1.488e+01    2.607e+01
   6.532e+20    1.982e+04    1.141e-01    8.859e-01    1.141e-01    6.968e-06    0.000e+00    1.474e+01    2.582e+01
   6.532e+20    2.132e+04    1.651e-01    8.349e-01    1.651e-01    2.592e-05    0.000e+00    1.459e+01    2.557e+01
   6.532e+20    2.293e+04    2.301e-01    7.700e-01    2.299e-01    8.773e-05    0.000e+00    1.444e+01    2.531e+01
   6.532e+20    2.466e+04    3.084e-01    6.918e-01    3.079e-01    2.709e-04    0.000e+00    1.430e+01    2.506e+01
   6.532e+20    2.653e+04    3.974e-01    6.034e-01    3.959e-01    7.660e-04    0.000e+00    1.416e+01    2.482e+01
   6.532e+20    2.854e+04    4.925e-01    5.095e-01    4.885e-01    1.989e-03    0.000e+00    1.404e+01    2.461e+01
   6.532e+20    3.070e+04    5.885e-01    4.163e-01    5.790e-01    4.767e-03    0.000e+00    1.394e+01    2.443e+01
   6.532e+20    3.302e+04    6.810e-01    3.296e-01    6.599e-01    1.059e-02    0.000e+00    1.385e+01    2.428e+01
   6.532e+20    3.552e+04    7.683e-01    2.536e-01    7.246e-01    2.188e-02    0.000e+00    1.378e+01    2.415e+01
   6.868e+20    8.881e+03    1.716e-04    9.998e-01    1.716e-04    1.845e-15    0.000e+00    1.569e+01    2.749e+01
   6.868e+20    9.553e+03    3.797e-04    9.996e-01    3.797e-04    2.760e-14    0.000e+00    1.566e+01    2.743e+01
   6.868e+20    1.028e+04    8.004e-04    9.992e-01    8.004e-04    3.484e-13    0.000e+00    1.562e+01    2.736e+01
   6.868e+20    1.105e+04    1.613e-03    9.984e-01    1.613e-03    3.755e-12    0.000e+00    1.557e+01    2.727e+01
   6.868e+20    1.189e+04    3.116e-03    9.969e-01    3.116e-03    3.492e-11    0.000e+00    1.551e+01    2.716e+01
   6.868e+20    1.279e+04    5.786e-03    9.942e-01    5.786e-03    2.831e-10    0.000e+00    1.544e+01    2.703e+01
   6.868e+20    1.376e+04    1.035e-02    9.897e-01    1.035e-02    2.017e-09    0.000e+00    1.535e+01    2.688e+01
   6.868e+20    1.480e+04    1.785e-02    9.821e-01    1.785e-02    1.272e-08    0.000e+00    1.525e+01    2.671e+01
   6.868e+20    1.592e+04    2.975e-02    9.703e-01    2.975e-02    7.151e-08    0.000e+00    1.514e+01    2.651e+01
   6.868e+20    1.712e+04    4.789e-02    9.521e-01    4.789e-02    3.604e-07    0.000e+00    1.501e+01    2.629e+01
   6.868e+20    1.842e+04    7.449e-02    9.255e-01    7.448e-02    1.636e-06    0.000e+00    1.487e+01    2.605e+01
   6.868e+20    1.982e+04    1.119e-01    8.881e-01    1.118e-01    6.713e-06    0.000e+00    1.473e+01    2.580e+01
   6.868e+20    2.132e+04    1.620e-01    8.380e-01    1.620e-01    2.500e-05    0.000e+00    1.458e+01    2.554e+01
   6.868e+20    2.293e+04    2.260e-01    7.741e-01    2.259e-01    8.471e-05    0.000e+00    1.442e+01    2.528e+01
   6.868e+20    2.466e+04    3.034e-01    6.969e-01    3.028e-01    2.619e-04    0.000e+00    1.428e+01    2.502e+01
   6.868e+20    2.653e+04    3.915e-01    6.093e-01    3.900e-01    7.412e-04    0.000e+00    1.414e+01    2.478e+01
   6.868e+20    2.854e+04    4.859e-01    5.160e-01    4.821e-01    1.927e-03    0.000e+00    1.402e+01    2.457e+01
   6.868e+20    3.070e+04    5.816e-01    4.230e-01    5.724e-01    4.620e-03    0.000e+00    1.391e+01    2.438e+01
   6.868e+20    3.302e+04    6.742e-01    3.360e-01    6.537e-01    1.027e-02    0.000e+00    1.382e+01    2.423e+01
   6.868e+20    3.552e+04    7.617e-01    2.595e-01    7.193e-01    2.123e-02    0.000e+00    1.375e+01    2.409e+01
