   ni[AU]          T[K]            Ke[AU]          Ue[AU]          Ee[AU]          Pe[AU]          Zbar           
   9.252571e-05    2.900000e+02    6.534403e+02   -1.281595e+03   -6.281544e+02    1.498672e-12    3.938596e-01
   9.252571e-05    3.044317e+02    6.534924e+02   -1.281600e+03   -6.281074e+02    1.504149e-16    2.616935e-01
   9.252571e-05    3.195817e+02    6.534824e+02   -1.281585e+03   -6.281022e+02    5.404255e-16    2.700615e-01
   9.252571e-05    3.354855e+02    6.535436e+02   -1.281595e+03   -6.280511e+02    3.535268e-17    2.030022e-01
   9.252571e-05    3.521808e+02    6.576207e+02   -1.281577e+03   -6.239559e+02    5.352376e-05    7.107735e-02
   9.252571e-05    3.697069e+02    6.536976e+02   -1.281586e+03   -6.278879e+02    1.156775e-18    8.850678e-02
   9.252571e-05    3.881053e+02    6.534668e+02   -1.281605e+03   -6.281386e+02    4.324618e-13    3.285306e-01
   9.252571e-05    4.074192e+02    6.535932e+02   -1.281576e+03   -6.279831e+02    1.642879e-16    1.551671e-01
   9.252571e-05    4.276942e+02    6.535921e+02   -1.281576e+03   -6.279841e+02    4.362048e-16    1.564226e-01
   9.252571e-05    4.489782e+02    6.534913e+02   -1.281605e+03   -6.281141e+02    4.754894e-12    3.318583e-01
   9.252571e-05    4.713214e+02    6.535023e+02   -1.281600e+03   -6.280975e+02    3.014004e-13    2.715393e-01
   9.252571e-05    4.947766e+02    6.535433e+02   -1.281595e+03   -6.280513e+02    4.928653e-14    2.125026e-01
   9.252571e-05    5.193989e+02    6.536013e+02   -1.281590e+03   -6.279885e+02    1.267999e-14    1.550935e-01
   9.252571e-05    5.452466e+02    6.537676e+02   -1.281569e+03   -6.278018e+02    9.838430e-16    5.658319e-02
   9.252571e-05    5.723806e+02    6.536633e+02   -1.281573e+03   -6.279093e+02    1.285609e-14    1.087619e-01
   9.252571e-05    6.008649e+02    6.535458e+02   -1.281580e+03   -6.280344e+02    1.252554e-12    2.256657e-01
   9.252571e-05    6.307667e+02    6.535578e+02   -1.281600e+03   -6.280419e+02    2.888855e-11    2.796331e-01
   9.252571e-05    6.621565e+02    6.535668e+02   -1.281595e+03   -6.280277e+02    4.327423e-12    2.217254e-01
   9.252571e-05    6.951084e+02    6.536004e+02   -1.281576e+03   -6.279758e+02    1.550779e-12    1.723181e-01
   9.252571e-05    7.297002e+02    6.573970e+02   -1.281570e+03   -6.241734e+02    4.352315e-05    6.314323e-02
   9.252571e-05    7.660135e+02    6.537394e+02   -1.281569e+03   -6.278299e+02    3.503069e-13    7.382434e-02
   9.252571e-05    8.041338e+02    6.537507e+02   -1.281581e+03   -6.278308e+02    6.424887e-13    7.160085e-02
   9.252571e-05    8.441512e+02    6.536508e+02   -1.281594e+03   -6.279436e+02    1.775069e-10    2.287853e-01
   9.252571e-05    8.861601e+02    6.536771e+02   -1.281573e+03   -6.278954e+02    1.091839e-11    1.295194e-01
   9.252571e-05    9.302594e+02    6.536704e+02   -1.281590e+03   -6.279193e+02    8.811565e-11    1.779454e-01
   9.252571e-05    9.765534e+02    6.538179e+02   -1.281578e+03   -6.277598e+02    3.716701e-12    5.000892e-02
   9.252571e-05    1.025151e+03    6.537226e+02   -1.281590e+03   -6.278670e+02    3.662251e-10    1.803448e-01
   9.252571e-05    1.076167e+03    6.537640e+02   -1.281581e+03   -6.278173e+02    4.049586e-11    9.141154e-02
   9.252571e-05    1.129722e+03    6.538158e+02   -1.281576e+03   -6.277599e+02    1.830768e-09    1.810903e-01
   9.252571e-05    1.185943e+03    6.538135e+02   -1.281566e+03   -6.277526e+02    5.991631e-11    6.885070e-02
   9.252571e-05    1.244961e+03    6.538184e+02   -1.281585e+03   -6.277666e+02    1.007277e-09    1.390021e-01
   9.252571e-05    1.306916e+03    6.538412e+02   -1.281578e+03   -6.277364e+02    1.930409e-10    7.296032e-02
   9.252571e-05    1.371954e+03    6.538510e+02   -1.281566e+03   -6.277150e+02    4.041280e-10    8.087547e-02
   9.252571e-05    1.440228e+03    6.538899e+02   -1.281581e+03   -6.276909e+02    1.750750e-09    1.082616e-01
   9.252571e-05    1.511901e+03    6.539043e+02   -1.281574e+03   -6.276698e+02    5.233990e-10    6.069112e-02
   9.252571e-05    1.587140e+03    6.539232e+02   -1.281574e+03   -6.276508e+02    9.431371e-10    6.477612e-02
   9.252571e-05    1.666123e+03    6.539620e+02   -1.281577e+03   -6.276148e+02    3.352522e-09    8.820002e-02
   9.252571e-05    1.749037e+03    6.539959e+02   -1.281565e+03   -6.275693e+02    5.720328e-09    9.234144e-02
   9.252571e-05    1.836077e+03    6.540003e+02   -1.281573e+03   -6.275730e+02    4.372855e-09    7.491014e-02
   9.252571e-05    1.927449e+03    6.540290e+02   -1.281562e+03   -6.275333e+02    7.155914e-09    8.005641e-02
   9.252571e-05    2.023368e+03    6.540356e+02   -1.281570e+03   -6.275344e+02    6.120666e-09    6.730140e-02
   9.252571e-05    2.124060e+03    6.540570e+02   -1.281570e+03   -6.275125e+02    8.804857e-09    7.134850e-02
   9.252571e-05    2.229763e+03    6.540663e+02   -1.281567e+03   -6.275006e+02    8.912686e-09    6.431434e-02
   9.252571e-05    2.340726e+03    6.540863e+02   -1.281557e+03   -6.274709e+02    1.327548e-08    7.094323e-02
   9.252571e-05    2.457211e+03    6.540917e+02   -1.281564e+03   -6.274723e+02    1.318633e-08    6.519551e-02
   9.252571e-05    2.579493e+03    6.541072e+02   -1.281555e+03   -6.274477e+02    1.875048e-08    7.277901e-02
   9.252571e-05    2.707861e+03    6.541109e+02   -1.281561e+03   -6.274502e+02    1.949644e-08    6.972179e-02
   9.252571e-05    2.842616e+03    6.541168e+02   -1.281559e+03   -6.274421e+02    2.195417e-08    6.952486e-02
   9.252571e-05    2.984078e+03    6.541268e+02   -1.281551e+03   -6.274243e+02    2.972966e-08    7.883225e-02
   9.252571e-05    3.132580e+03    6.541284e+02   -1.281556e+03   -6.274279e+02    3.263591e-08    7.993230e-02
   9.252571e-05    3.288471e+03    6.541347e+02   -1.281549e+03   -6.274144e+02    4.251034e-08    9.065402e-02
   9.252571e-05    3.452120e+03    6.541368e+02   -1.281548e+03   -6.274110e+02    4.885246e-08    9.505249e-02
   9.252571e-05    3.623914e+03    6.541361e+02   -1.281552e+03   -6.274156e+02    5.527401e-08    1.004065e-01
   9.252571e-05    3.804256e+03    6.541386e+02   -1.281546e+03   -6.274073e+02    6.908709e-08    1.134346e-01
   9.252571e-05    3.993574e+03    6.541385e+02   -1.281545e+03   -6.274066e+02    8.291624e-08    1.261504e-01
   9.252571e-05    4.192312e+03    6.541373e+02   -1.281548e+03   -6.274104e+02    9.444917e-08    1.347834e-01
   9.252571e-05    4.400941e+03    6.541382e+02   -1.281543e+03   -6.274051e+02    1.133792e-07    1.491870e-01
   9.252571e-05    4.619952e+03    6.541378e+02   -1.281542e+03   -6.274045e+02    1.327378e-07    1.630262e-01
   9.252571e-05    4.849862e+03    6.541371e+02   -1.281543e+03   -6.274056e+02    1.523847e-07    1.753893e-01
   9.252571e-05    5.091213e+03    6.541371e+02   -1.281541e+03   -6.274039e+02    1.772413e-07    1.905114e-01
   9.252571e-05    5.344576e+03    6.541371e+02   -1.281539e+03   -6.274019e+02    2.048167e-07    2.058279e-01
   9.252571e-05    5.610546e+03    6.541371e+02   -1.281537e+03   -6.273999e+02    2.352079e-07    2.212048e-01
   9.252571e-05    5.889753e+03    6.541370e+02   -1.281535e+03   -6.273980e+02    2.686570e-07    2.367723e-01
   9.252571e-05    6.182854e+03    6.541368e+02   -1.281533e+03   -6.273959e+02    3.057442e-07    2.526952e-01
   9.252571e-05    6.490541e+03    6.541366e+02   -1.281530e+03   -6.273936e+02    3.467665e-07    2.689782e-01
   9.252571e-05    6.813540e+03    6.541362e+02   -1.281527e+03   -6.273913e+02    3.920869e-07    2.856907e-01
   9.252571e-05    7.152613e+03    6.541356e+02   -1.281524e+03   -6.273888e+02    4.421547e-07    3.028494e-01
   9.252571e-05    7.508560e+03    6.541349e+02   -1.281521e+03   -6.273861e+02    4.974140e-07    3.204890e-01
   9.252571e-05    7.882221e+03    6.541340e+02   -1.281517e+03   -6.273832e+02    5.583269e-07    3.386514e-01
   9.252571e-05    8.274476e+03    6.541328e+02   -1.281513e+03   -6.273802e+02    6.254552e-07    3.573377e-01
   9.252571e-05    8.686252e+03    6.541315e+02   -1.281509e+03   -6.273770e+02    6.993700e-07    3.766054e-01
   9.252571e-05    9.118520e+03    6.541299e+02   -1.281503e+03   -6.273736e+02    7.807139e-07    3.964843e-01
   9.252571e-05    9.572299e+03    6.541281e+02   -1.281498e+03   -6.273699e+02    8.701681e-07    4.169632e-01
   9.252571e-05    1.004866e+04    6.541260e+02   -1.281492e+03   -6.273659e+02    9.684932e-07    4.381096e-01
   9.252571e-05    1.054873e+04    6.541236e+02   -1.281485e+03   -6.273616e+02    1.076501e-06    4.599459e-01
   9.252571e-05    1.107368e+04    6.541209e+02   -1.281478e+03   -6.273570e+02    1.195091e-06    4.824607e-01
   9.252571e-05    1.162476e+04    6.541179e+02   -1.281470e+03   -6.273520e+02    1.325237e-06    5.057427e-01
   9.252571e-05    1.220326e+04    6.541145e+02   -1.281461e+03   -6.273465e+02    1.467995e-06    5.297991e-01
   9.252571e-05    1.281055e+04    6.541108e+02   -1.281451e+03   -6.273406e+02    1.624546e-06    5.546142e-01
   9.252571e-05    1.344806e+04    6.541067e+02   -1.281441e+03   -6.273341e+02    1.796114e-06    5.802854e-01
   9.252571e-05    1.411730e+04    6.541022e+02   -1.281429e+03   -6.273271e+02    1.984081e-06    6.068319e-01
   9.252571e-05    1.481984e+04    6.540973e+02   -1.281417e+03   -6.273194e+02    2.189963e-06    6.342217e-01
   9.252571e-05    1.555734e+04    6.540918e+02   -1.281403e+03   -6.273110e+02    2.415341e-06    6.625627e-01
   9.252571e-05    1.633155e+04    6.540859e+02   -1.281388e+03   -6.273018e+02    2.662038e-06    6.918823e-01
   9.252571e-05    1.714428e+04    6.540795e+02   -1.281371e+03   -6.272917e+02    2.931916e-06    7.221360e-01
   9.252571e-05    1.799746e+04    6.540725e+02   -1.281353e+03   -6.272807e+02    3.227138e-06    7.534544e-01
   9.252571e-05    1.889310e+04    6.540649e+02   -1.281333e+03   -6.272686e+02    3.549931e-06    7.858497e-01
   9.252571e-05    1.983330e+04    6.540566e+02   -1.281312e+03   -6.272554e+02    3.902793e-06    8.192858e-01
   9.252571e-05    2.082030e+04    6.540477e+02   -1.281289e+03   -6.272408e+02    4.288436e-06    8.538961e-01
   9.252571e-05    2.185641e+04    6.540380e+02   -1.281263e+03   -6.272250e+02    4.709743e-06    8.896954e-01
   9.252571e-05    2.294409e+04    6.540276e+02   -1.281235e+03   -6.272075e+02    5.169980e-06    9.266426e-01
   9.252571e-05    2.408589e+04    6.540163e+02   -1.281205e+03   -6.271884e+02    5.672572e-06    9.648778e-01
   9.252571e-05    2.528452e+04    6.540041e+02   -1.281172e+03   -6.271675e+02    6.221261e-06    1.004430e+00
   9.252571e-05    2.654279e+04    6.539910e+02   -1.281136e+03   -6.271446e+02    6.820212e-06    1.045268e+00
   9.252571e-05    2.786368e+04    6.539768e+02   -1.281096e+03   -6.271196e+02    7.473850e-06    1.087524e+00
   9.252571e-05    2.925031e+04    6.539615e+02   -1.281054e+03   -6.270922e+02    8.186990e-06    1.131211e+00
   9.252571e-05    3.070594e+04    6.539451e+02   -1.281007e+03   -6.270621e+02    8.964907e-06    1.176319e+00
   9.252571e-05    3.223401e+04    6.539274e+02   -1.280957e+03   -6.270292e+02    9.813360e-06    1.222974e+00
   9.252571e-05    3.383812e+04    6.539083e+02   -1.280902e+03   -6.269932e+02    1.073851e-05    1.271189e+00
   9.252571e-05    3.552206e+04    6.538878e+02   -1.280842e+03   -6.269539e+02    1.174704e-05    1.321000e+00
